SA3W	0.563	1.555	-0.892	6.305	16
RA16G	4.001	1.128	0.759	5.741	13
DA19Y	0.250	1.000	-1.575	2.409	7
RA21G	1.318	0.383	0.713	2.117	18
RA21Q	0.465	0.343	-0.316	1.266	7
PA28L	1.143	0.283	0.743	1.714	10
TA29A	-0.347	0.473	-1.622	0.213	16
PA32Q	3.801	1.071	2.113	6.079	13
IA35V	1.420	0.338	0.895	2.168	4
RA37Q	0.899	0.670	-0.119	3.053	11
YA38H	2.171	0.868	0.678	3.957	7
KA39R	-0.014	0.245	-0.722	0.422	4
KA49N	-0.009	0.648	-2.001	0.773	5
DA56N	-0.071	0.490	-0.853	0.895	11
MA60I	2.025	0.916	0.311	4.213	4
MA60V	2.691	0.686	1.413	4.097	6
KA65E	-0.229	0.523	-1.492	0.752	2
RA70C	0.636	0.548	-0.889	1.615	15
RA70H	0.621	0.413	-0.167	1.425	14
LA82F	2.725	2.225	-0.554	8.518	10
VA89F	0.635	2.047	-1.289	6.866	6
VA91I	-0.277	0.212	-0.807	0.039	12
VA98A	2.223	0.465	0.828	2.809	7
YA113C	4.659	0.563	3.676	6.079	8
GA120R	0.908	0.617	-0.285	2.026	6
GA120V	1.300	0.728	0.179	2.568	18
